(kicad_pcb (version 20171130) (host pcbnew "(5.0.2)-1")

  (general
    (thickness 1.6)
    (drawings 4)
    (tracks 0)
    (zones 0)
    (modules 24)
    (nets 58)
  )

  (page A4)
  (layers
    (0 F.Cu signal)
    (31 B.Cu signal)
    (32 B.Adhes user)
    (33 F.Adhes user)
    (34 B.Paste user)
    (35 F.Paste user)
    (36 B.SilkS user)
    (37 F.SilkS user)
    (38 B.Mask user)
    (39 F.Mask user)
    (40 Dwgs.User user)
    (41 Cmts.User user)
    (42 Eco1.User user)
    (43 Eco2.User user)
    (44 Edge.Cuts user)
    (45 Margin user)
    (46 B.CrtYd user)
    (47 F.CrtYd user)
    (48 B.Fab user)
    (49 F.Fab user)
  )

  (setup
    (last_trace_width 0.2)
    (user_trace_width 0.2)
    (user_trace_width 0.5)
    (trace_clearance 0.2)
    (zone_clearance 0.508)
    (zone_45_only yes)
    (trace_min 0.2)
    (segment_width 0.2)
    (edge_width 0.15)
    (via_size 0.6)
    (via_drill 0.4)
    (via_min_size 0.4)
    (via_min_drill 0.3)
    (uvia_size 0.3)
    (uvia_drill 0.1)
    (uvias_allowed no)
    (uvia_min_size 0.2)
    (uvia_min_drill 0.1)
    (pcb_text_width 0.3)
    (pcb_text_size 1.5 1.5)
    (mod_edge_width 0.15)
    (mod_text_size 1 1)
    (mod_text_width 0.15)
    (pad_size 3.25 3.25)
    (pad_drill 0)
    (pad_to_mask_clearance 0.2)
    (solder_mask_min_width 0.25)
    (aux_axis_origin 0 0)
    (grid_origin 96.181533 140.546775)
    (visible_elements 7FFFFFFF)
    (pcbplotparams
      (layerselection 0x010fc_ffffffff)
      (usegerberextensions false)
      (usegerberattributes false)
      (usegerberadvancedattributes false)
      (creategerberjobfile false)
      (excludeedgelayer true)
      (linewidth 0.100000)
      (plotframeref false)
      (viasonmask false)
      (mode 1)
      (useauxorigin false)
      (hpglpennumber 1)
      (hpglpenspeed 20)
      (hpglpendiameter 15.000000)
      (psnegative false)
      (psa4output false)
      (plotreference true)
      (plotvalue true)
      (plotinvisibletext false)
      (padsonsilk false)
      (subtractmaskfromsilk false)
      (outputformat 1)
      (mirror false)
      (drillshape 0)
      (scaleselection 1)
      (outputdirectory "gerber_fab/"))
  )

  (net 0 "")
  (net 1 GND)
  (net 2 "Net-(C1-Pad1)")
  (net 3 VCC)
  (net 4 SWDIO)
  (net 5 RESET)
  (net 6 SWDCLK)
  (net 7 SCK)
  (net 8 RXD)
  (net 9 TXD)
  (net 10 /P0.05)
  (net 11 /P0.04)
  (net 12 /P0.02)
  (net 13 MISO)
  (net 14 SDA)
  (net 15 SCL)
  (net 16 /P0.29)
  (net 17 /P0.30)
  (net 18 "Net-(J1-Pad6)")
  (net 19 "Net-(C5-Pad1)")
  (net 20 /P0.31)
  (net 21 SWO)
  (net 22 /P0.10)
  (net 23 /P0.09)
  (net 24 "Net-(U3-Pad4)")
  (net 25 "Net-(J1-Pad4)")
  (net 26 "Net-(J4-PadB8)")
  (net 27 "Net-(J4-PadA5)")
  (net 28 "Net-(J4-PadA8)")
  (net 29 "Net-(J4-PadB5)")
  (net 30 "Net-(J4-PadS1)")
  (net 31 "Net-(R4-Pad1)")
  (net 32 "Net-(R3-Pad2)")
  (net 33 "Net-(D3-Pad1)")
  (net 34 "Net-(R5-Pad2)")
  (net 35 SWCLK)
  (net 36 VBUS)
  (net 37 "Net-(C2-Pad2)")
  (net 38 "Net-(L1-Pad1)")
  (net 39 VBAT)
  (net 40 DATA+)
  (net 41 DATA-)
  (net 42 /P1.13)
  (net 43 /P1.11)
  (net 44 /P1.09)
  (net 45 /P0.20)
  (net 46 /P1.00)
  (net 47 /P1.04)
  (net 48 /P1.06)
  (net 49 /P0.012)
  (net 50 /P0.07)
  (net 51 /P0.26)
  (net 52 LED2)
  (net 53 /P0.13)
  (net 54 "Net-(J3-Pad1)")
  (net 55 "Net-(SW1-Pad1)")
  (net 56 /P1.02)
  (net 57 /P0.15)

  (net_class Default "This is the default net class."
    (clearance 0.2)
    (trace_width 0.2)
    (via_dia 0.6)
    (via_drill 0.4)
    (uvia_dia 0.3)
    (uvia_drill 0.1)
    (add_net /P0.012)
    (add_net /P0.02)
    (add_net /P0.04)
    (add_net /P0.05)
    (add_net /P0.07)
    (add_net /P0.09)
    (add_net /P0.10)
    (add_net /P0.13)
    (add_net /P0.15)
    (add_net /P0.20)
    (add_net /P0.26)
    (add_net /P0.29)
    (add_net /P0.30)
    (add_net /P0.31)
    (add_net /P1.00)
    (add_net /P1.02)
    (add_net /P1.04)
    (add_net /P1.06)
    (add_net /P1.09)
    (add_net /P1.11)
    (add_net /P1.13)
    (add_net DATA+)
    (add_net DATA-)
    (add_net GND)
    (add_net LED2)
    (add_net MISO)
    (add_net "Net-(C1-Pad1)")
    (add_net "Net-(C2-Pad2)")
    (add_net "Net-(C5-Pad1)")
    (add_net "Net-(D3-Pad1)")
    (add_net "Net-(J1-Pad4)")
    (add_net "Net-(J1-Pad6)")
    (add_net "Net-(J3-Pad1)")
    (add_net "Net-(J4-PadA5)")
    (add_net "Net-(J4-PadA8)")
    (add_net "Net-(J4-PadB5)")
    (add_net "Net-(J4-PadB8)")
    (add_net "Net-(J4-PadS1)")
    (add_net "Net-(L1-Pad1)")
    (add_net "Net-(R3-Pad2)")
    (add_net "Net-(R4-Pad1)")
    (add_net "Net-(R5-Pad2)")
    (add_net "Net-(SW1-Pad1)")
    (add_net "Net-(U3-Pad4)")
    (add_net RESET)
    (add_net RXD)
    (add_net SCK)
    (add_net SCL)
    (add_net SDA)
    (add_net SWCLK)
    (add_net SWDCLK)
    (add_net SWDIO)
    (add_net SWO)
    (add_net TXD)
    (add_net VBAT)
    (add_net VBUS)
    (add_net VCC)
  )

  (net_class Power ""
    (clearance 0.2)
    (trace_width 0.5)
    (via_dia 0.6)
    (via_drill 0.4)
    (uvia_dia 0.3)
    (uvia_drill 0.1)
  )

  (module Package_TO_SOT_SMD:SOT-23 (layer F.Cu) (tedit 5A02FF57) (tstamp 5C70F293)
    (at 105.071533 126.830775)
    (descr "SOT-23, Standard")
    (tags SOT-23)
    (path /5B1587C5)
    (attr smd)
    (fp_text reference Q1 (at 0 -2.5) (layer F.SilkS)
      (effects (font (size 1 1) (thickness 0.15)))
    )
    (fp_text value DMG2305 (at 0 2.5) (layer F.Fab)
      (effects (font (size 1 1) (thickness 0.15)))
    )
    (fp_text user %R (at 0 0 90) (layer F.Fab)
      (effects (font (size 0.5 0.5) (thickness 0.075)))
    )
    (fp_line (start -0.7 -0.95) (end -0.7 1.5) (layer F.Fab) (width 0.1))
    (fp_line (start -0.15 -1.52) (end 0.7 -1.52) (layer F.Fab) (width 0.1))
    (fp_line (start -0.7 -0.95) (end -0.15 -1.52) (layer F.Fab) (width 0.1))
    (fp_line (start 0.7 -1.52) (end 0.7 1.52) (layer F.Fab) (width 0.1))
    (fp_line (start -0.7 1.52) (end 0.7 1.52) (layer F.Fab) (width 0.1))
    (fp_line (start 0.76 1.58) (end 0.76 0.65) (layer F.SilkS) (width 0.12))
    (fp_line (start 0.76 -1.58) (end 0.76 -0.65) (layer F.SilkS) (width 0.12))
    (fp_line (start -1.7 -1.75) (end 1.7 -1.75) (layer F.CrtYd) (width 0.05))
    (fp_line (start 1.7 -1.75) (end 1.7 1.75) (layer F.CrtYd) (width 0.05))
    (fp_line (start 1.7 1.75) (end -1.7 1.75) (layer F.CrtYd) (width 0.05))
    (fp_line (start -1.7 1.75) (end -1.7 -1.75) (layer F.CrtYd) (width 0.05))
    (fp_line (start 0.76 -1.58) (end -1.4 -1.58) (layer F.SilkS) (width 0.12))
    (fp_line (start 0.76 1.58) (end -0.7 1.58) (layer F.SilkS) (width 0.12))
    (pad 1 smd rect (at -1 -0.95) (size 0.9 0.8) (layers F.Cu F.Paste F.Mask)
      (net 36 VBUS))
    (pad 2 smd rect (at -1 0.95) (size 0.9 0.8) (layers F.Cu F.Paste F.Mask)
      (net 19 "Net-(C5-Pad1)"))
    (pad 3 smd rect (at 1 0) (size 0.9 0.8) (layers F.Cu F.Paste F.Mask)
      (net 39 VBAT))
    (model ${KISYS3DMOD}/Package_TO_SOT_SMD.3dshapes/SOT-23.wrl
      (at (xyz 0 0 0))
      (scale (xyz 1 1 1))
      (rotate (xyz 0 0 0))
    )
  )

  (module nrfmicro:jumper (layer B.Cu) (tedit 5C20BA3A) (tstamp 5C70A849)
    (at 96.181533 110.066775)
    (path /5C72844F)
    (attr smd)
    (fp_text reference JP1 (at 0 1.524) (layer B.SilkS) hide
      (effects (font (size 0.7 0.7) (thickness 0.1)) (justify mirror))
    )
    (fp_text value SolderJumper_2_Open (at 0 1.389) (layer B.SilkS) hide
      (effects (font (size 0.7 0.7) (thickness 0.1)) (justify mirror))
    )
    (pad 1 smd rect (at 0 -0.5 270) (size 0.635 1.143) (layers B.Cu B.Paste B.Mask)
      (net 51 /P0.26) (clearance 0.1905))
    (pad 2 smd rect (at 0 0.5 270) (size 0.635 1.143) (layers B.Cu B.Paste B.Mask)
      (net 1 GND) (clearance 0.1905))
    (model smd\resistors\R0603.wrl
      (offset (xyz 0 0 0.02539999961853028))
      (scale (xyz 0.5 0.5 0.5))
      (rotate (xyz 0 0 0))
    )
  )

  (module Diode_SMD:D_SOD-123F (layer F.Cu) (tedit 587F7769) (tstamp 5C731C4E)
    (at 103.801533 118.448775)
    (descr D_SOD-123F)
    (tags D_SOD-123F)
    (path /5B158495)
    (attr smd)
    (fp_text reference D1 (at -0.127 -1.905) (layer F.SilkS)
      (effects (font (size 1 1) (thickness 0.15)))
    )
    (fp_text value MBR120 (at 0 2.1) (layer F.Fab)
      (effects (font (size 1 1) (thickness 0.15)))
    )
    (fp_text user %R (at -0.127 -1.905) (layer F.Fab)
      (effects (font (size 1 1) (thickness 0.15)))
    )
    (fp_line (start -2.2 -1) (end -2.2 1) (layer F.SilkS) (width 0.12))
    (fp_line (start 0.25 0) (end 0.75 0) (layer F.Fab) (width 0.1))
    (fp_line (start 0.25 0.4) (end -0.35 0) (layer F.Fab) (width 0.1))
    (fp_line (start 0.25 -0.4) (end 0.25 0.4) (layer F.Fab) (width 0.1))
    (fp_line (start -0.35 0) (end 0.25 -0.4) (layer F.Fab) (width 0.1))
    (fp_line (start -0.35 0) (end -0.35 0.55) (layer F.Fab) (width 0.1))
    (fp_line (start -0.35 0) (end -0.35 -0.55) (layer F.Fab) (width 0.1))
    (fp_line (start -0.75 0) (end -0.35 0) (layer F.Fab) (width 0.1))
    (fp_line (start -1.4 0.9) (end -1.4 -0.9) (layer F.Fab) (width 0.1))
    (fp_line (start 1.4 0.9) (end -1.4 0.9) (layer F.Fab) (width 0.1))
    (fp_line (start 1.4 -0.9) (end 1.4 0.9) (layer F.Fab) (width 0.1))
    (fp_line (start -1.4 -0.9) (end 1.4 -0.9) (layer F.Fab) (width 0.1))
    (fp_line (start -2.2 -1.15) (end 2.2 -1.15) (layer F.CrtYd) (width 0.05))
    (fp_line (start 2.2 -1.15) (end 2.2 1.15) (layer F.CrtYd) (width 0.05))
    (fp_line (start 2.2 1.15) (end -2.2 1.15) (layer F.CrtYd) (width 0.05))
    (fp_line (start -2.2 -1.15) (end -2.2 1.15) (layer F.CrtYd) (width 0.05))
    (fp_line (start -2.2 1) (end 1.65 1) (layer F.SilkS) (width 0.12))
    (fp_line (start -2.2 -1) (end 1.65 -1) (layer F.SilkS) (width 0.12))
    (pad 1 smd rect (at -1.4 0) (size 1.1 1.1) (layers F.Cu F.Paste F.Mask)
      (net 19 "Net-(C5-Pad1)"))
    (pad 2 smd rect (at 1.4 0) (size 1.1 1.1) (layers F.Cu F.Paste F.Mask)
      (net 36 VBUS))
    (model ${KISYS3DMOD}/Diode_SMD.3dshapes/D_SOD-123F.wrl
      (at (xyz 0 0 0))
      (scale (xyz 1 1 1))
      (rotate (xyz 0 0 0))
    )
  )

  (module Crystal:Crystal_SMD_3215-2Pin_3.2x1.5mm (layer F.Cu) (tedit 5A0FD1B2) (tstamp 5C72EBCC)
    (at 98.975533 119.591775 90)
    (descr "SMD Crystal FC-135 https://support.epson.biz/td/api/doc_check.php?dl=brief_FC-135R_en.pdf")
    (tags "SMD SMT Crystal")
    (path /5C74A6AB)
    (attr smd)
    (fp_text reference Y2 (at 0 0) (layer F.SilkS)
      (effects (font (size 1 1) (thickness 0.15)))
    )
    (fp_text value 32,768 (at 0 2 90) (layer F.Fab)
      (effects (font (size 1 1) (thickness 0.15)))
    )
    (fp_text user %R (at 0 -2 90) (layer F.Fab)
      (effects (font (size 1 1) (thickness 0.15)))
    )
    (fp_line (start -2 -1.15) (end 2 -1.15) (layer F.CrtYd) (width 0.05))
    (fp_line (start -1.6 -0.75) (end -1.6 0.75) (layer F.Fab) (width 0.1))
    (fp_line (start -0.675 0.875) (end 0.675 0.875) (layer F.SilkS) (width 0.12))
    (fp_line (start -0.675 -0.875) (end 0.675 -0.875) (layer F.SilkS) (width 0.12))
    (fp_line (start 1.6 -0.75) (end 1.6 0.75) (layer F.Fab) (width 0.1))
    (fp_line (start -1.6 -0.75) (end 1.6 -0.75) (layer F.Fab) (width 0.1))
    (fp_line (start -1.6 0.75) (end 1.6 0.75) (layer F.Fab) (width 0.1))
    (fp_line (start -2 1.15) (end 2 1.15) (layer F.CrtYd) (width 0.05))
    (fp_line (start -2 -1.15) (end -2 1.15) (layer F.CrtYd) (width 0.05))
    (fp_line (start 2 -1.15) (end 2 1.15) (layer F.CrtYd) (width 0.05))
    (pad 1 smd rect (at 1.25 0 90) (size 1 1.8) (layers F.Cu F.Paste F.Mask)
      (net 2 "Net-(C1-Pad1)"))
    (pad 2 smd rect (at -1.25 0 90) (size 1 1.8) (layers F.Cu F.Paste F.Mask)
      (net 37 "Net-(C2-Pad2)"))
    (model ${KISYS3DMOD}/Crystal.3dshapes/Crystal_SMD_3225-4Pin_3.2x2.5mm.step
      (at (xyz 0 0 0))
      (scale (xyz 1 1 1))
      (rotate (xyz 0 0 0))
    )
  )

  (module nrfmicro:switch_MSK-12C02_smd (layer F.Cu) (tedit 5C70475F) (tstamp 5C72B830)
    (at 103.802 109.432 270)
    (path /5CB2FC09)
    (attr smd)
    (fp_text reference SW1 (at 1.35 0) (layer F.Fab)
      (effects (font (size 1 1) (thickness 0.15)))
    )
    (fp_text value SW_SPDT (at 5.35 0) (layer F.Fab)
      (effects (font (size 1 1) (thickness 0.15)))
    )
    (fp_line (start 0 -3.3) (end 2.7 -3.3) (layer Dwgs.User) (width 0.15))
    (fp_line (start 2.7 -3.3) (end 2.7 3.3) (layer Dwgs.User) (width 0.15))
    (fp_line (start 0 -3.3) (end 0 3.3) (layer Dwgs.User) (width 0.15))
    (fp_line (start 0 3.3) (end 2.7 3.3) (layer Dwgs.User) (width 0.15))
    (fp_line (start -1.5 -1.5) (end 0 -1.5) (layer Dwgs.User) (width 0.15))
    (fp_line (start 0 -0.2) (end -1.5 -0.2) (layer Dwgs.User) (width 0.15))
    (fp_line (start -1.5 -0.2) (end -1.5 -1.5) (layer Dwgs.User) (width 0.15))
    (fp_line (start 0.3 1.5) (end 0.3 -1.5) (layer Dwgs.User) (width 0.15))
    (fp_line (start 0.3 1.5) (end 0 1.5) (layer Dwgs.User) (width 0.15))
    (fp_line (start 0.3 -1.5) (end 0 -1.5) (layer Dwgs.User) (width 0.15))
    (pad "" thru_hole rect (at 0.207 -3.6) (size 1 0.6) (drill 0.3) (layers *.Cu *.Mask))
    (pad 1 smd rect (at 3.2 -2.2 90) (size 1 0.6) (layers F.Cu F.Paste F.Mask)
      (net 55 "Net-(SW1-Pad1)"))
    (pad 3 smd rect (at 3.2 2.2 90) (size 1 0.6) (layers F.Cu F.Paste F.Mask)
      (net 54 "Net-(J3-Pad1)"))
    (pad 2 smd rect (at 3.2 0.7 90) (size 1 0.6) (layers F.Cu F.Paste F.Mask)
      (net 39 VBAT))
    (pad "" np_thru_hole circle (at 1.35 1.45 90) (size 0.7 0.7) (drill 0.7) (layers *.Cu *.Mask))
    (pad "" np_thru_hole circle (at 1.35 -1.45 90) (size 0.7 0.7) (drill 0.7) (layers *.Cu *.Mask))
    (pad "" thru_hole rect (at 2.493 -3.6) (size 1.1 0.6) (drill 0.3) (layers *.Cu *.Mask))
    (pad "" thru_hole rect (at 0.207 3.6) (size 1.1 0.6) (drill 0.3) (layers *.Cu *.Mask))
    (pad "" thru_hole rect (at 2.493 3.6) (size 1 0.6) (drill 0.3) (layers *.Cu *.Mask))
    (model ${KISYS3DMOD}/Button_Switch_SMD.3dshapes/SW_SPDT_PCM12.wrl
      (offset (xyz 1.7 0 0))
      (scale (xyz 1 1 1))
      (rotate (xyz 0 0 90))
    )
  )

  (module nrfmicro:E73-2G4M08S1C-52840 (layer B.Cu) (tedit 5C706949) (tstamp 5C6ECCBA)
    (at 103.802 121.624 270)
    (path /5C7001D3)
    (fp_text reference U5 (at 8.89 0 270) (layer B.SilkS)
      (effects (font (size 1 1) (thickness 0.15)) (justify mirror))
    )
    (fp_text value E73-2G4M08S1C-52840 (at 8.89 5.08 270) (layer B.Fab)
      (effects (font (size 1 1) (thickness 0.15)) (justify mirror))
    )
    (fp_line (start 0 6.5) (end 0 -6.5) (layer Margin) (width 0.15))
    (fp_line (start 0 -6.5) (end 18 -6.5) (layer Margin) (width 0.15))
    (fp_line (start 18 -6.5) (end 18 6.5) (layer Margin) (width 0.15))
    (fp_line (start 18 6.5) (end 0 6.5) (layer Margin) (width 0.15))
    (fp_text user 2G4M08S1C (at 16.51 0 180) (layer B.Fab)
      (effects (font (size 1 1) (thickness 0.15)) (justify mirror))
    )
    (pad 28 thru_hole rect (at 4.632 -4.041 270) (size 0.8 1) (drill 0.4) (layers *.Cu *.Mask)
      (net 57 /P0.15))
    (pad 10 smd rect (at 2.6 6.119 270) (size 0.8 1) (layers B.Cu B.Paste B.Mask)
      (net 17 /P0.30))
    (pad 9 smd rect (at 3.87 6.119 270) (size 0.8 1) (layers B.Cu B.Paste B.Mask)
      (net 20 /P0.31))
    (pad 8 smd rect (at 5.14 6.119 270) (size 0.8 1) (layers B.Cu B.Paste B.Mask)
      (net 16 /P0.29))
    (pad 7 smd rect (at 6.41 6.119 270) (size 0.8 1) (layers B.Cu B.Paste B.Mask)
      (net 12 /P0.02))
    (pad 6 smd rect (at 7.68 6.119 270) (size 0.8 1) (layers B.Cu B.Paste B.Mask)
      (net 42 /P1.13))
    (pad 5 smd rect (at 8.95 6.119 270) (size 0.8 1) (layers B.Cu B.Paste B.Mask)
      (net 1 GND))
    (pad 4 smd rect (at 10.22 6.119 270) (size 0.8 1) (layers B.Cu B.Paste B.Mask)
      (net 7 SCK))
    (pad 3 smd rect (at 11.49 6.119 270) (size 0.8 1) (layers B.Cu B.Paste B.Mask)
      (net 13 MISO))
    (pad 2 smd rect (at 12.76 6.119 270) (size 0.8 1) (layers B.Cu B.Paste B.Mask)
      (net 52 LED2))
    (pad 1 smd rect (at 14.03 6.119 270) (size 0.8 1) (layers B.Cu B.Paste B.Mask)
      (net 43 /P1.11))
    (pad 31 smd rect (at 6.41 -6.119 270) (size 0.8 1) (layers B.Cu B.Paste B.Mask)
      (net 40 DATA+))
    (pad 43 smd rect (at 14.03 -6.119 270) (size 0.8 1) (layers B.Cu B.Paste B.Mask)
      (net 22 /P0.10))
    (pad 33 smd rect (at 7.68 -6.119 270) (size 0.8 1) (layers B.Cu B.Paste B.Mask)
      (net 53 /P0.13))
    (pad 41 smd rect (at 12.76 -6.119 270) (size 0.8 1) (layers B.Cu B.Paste B.Mask)
      (net 23 /P0.09))
    (pad 39 smd rect (at 11.49 -6.119 270) (size 0.8 1) (layers B.Cu B.Paste B.Mask)
      (net 35 SWCLK))
    (pad 37 smd rect (at 10.22 -6.119 270) (size 0.8 1) (layers B.Cu B.Paste B.Mask)
      (net 4 SWDIO))
    (pad 29 smd rect (at 5.14 -6.119 270) (size 0.8 1) (layers B.Cu B.Paste B.Mask)
      (net 41 DATA-))
    (pad 35 smd rect (at 8.95 -6.119 270) (size 0.8 1) (layers B.Cu B.Paste B.Mask)
      (net 15 SCL))
    (pad 27 smd rect (at 3.87 -6.119 270) (size 0.8 1) (layers B.Cu B.Paste B.Mask)
      (net 36 VBUS))
    (pad 26 smd rect (at 2.6 -6.119 270) (size 0.8 1) (layers B.Cu B.Paste B.Mask)
      (net 5 RESET))
    (pad 23 smd rect (at 0.381 -3.15 180) (size 0.8 1) (layers B.Cu B.Paste B.Mask)
      (net 3 VCC))
    (pad 11 smd rect (at 0.381 4.47 180) (size 0.8 1) (layers B.Cu B.Paste B.Mask)
      (net 2 "Net-(C1-Pad1)"))
    (pad 21 smd rect (at 0.381 -1.88 180) (size 0.8 1) (layers B.Cu B.Paste B.Mask)
      (net 1 GND))
    (pad 13 smd rect (at 0.381 3.2 180) (size 0.8 1) (layers B.Cu B.Paste B.Mask)
      (net 37 "Net-(C2-Pad2)"))
    (pad 15 smd rect (at 0.381 1.93 180) (size 0.8 1) (layers B.Cu B.Paste B.Mask)
      (net 10 /P0.05))
    (pad 17 smd rect (at 0.381 0.66 180) (size 0.8 1) (layers B.Cu B.Paste B.Mask)
      (net 44 /P1.09))
    (pad 25 smd rect (at 0.381 -4.42 180) (size 0.8 1) (layers B.Cu B.Paste B.Mask)
      (net 38 "Net-(L1-Pad1)"))
    (pad 19 smd rect (at 0.381 -0.61 180) (size 0.8 1) (layers B.Cu B.Paste B.Mask)
      (net 3 VCC))
    (pad 30 thru_hole rect (at 5.902 -4.041 270) (size 0.8 1) (drill 0.4) (layers *.Cu *.Mask)
      (net 21 SWO))
    (pad 32 thru_hole rect (at 7.172 -4.041 270) (size 0.8 1) (drill 0.4) (layers *.Cu *.Mask)
      (net 45 /P0.20))
    (pad 34 thru_hole rect (at 8.442 -4.041 270) (size 0.8 1) (drill 0.4) (layers *.Cu *.Mask)
      (net 14 SDA))
    (pad 36 thru_hole rect (at 9.712 -4.041 270) (size 0.8 1) (drill 0.4) (layers *.Cu *.Mask)
      (net 46 /P1.00))
    (pad 38 thru_hole rect (at 10.982 -4.041 270) (size 0.8 1) (drill 0.4) (layers *.Cu *.Mask)
      (net 56 /P1.02))
    (pad 40 thru_hole rect (at 12.252 -4.041 270) (size 0.8 1) (drill 0.4) (layers *.Cu *.Mask)
      (net 47 /P1.04))
    (pad 42 thru_hole rect (at 13.522 -4.041 270) (size 0.8 1) (drill 0.4) (layers *.Cu *.Mask)
      (net 48 /P1.06))
    (pad 14 thru_hole rect (at 2.092 2.563 180) (size 0.8 1) (drill 0.4) (layers *.Cu *.Mask)
      (net 9 TXD))
    (pad 12 thru_hole rect (at 2.092 3.833 180) (size 0.8 1) (drill 0.4) (layers *.Cu *.Mask)
      (net 51 /P0.26))
    (pad 20 thru_hole rect (at 2.092 -1.247 180) (size 0.8 1) (drill 0.4) (layers *.Cu *.Mask)
      (net 49 /P0.012))
    (pad 16 thru_hole rect (at 2.092 1.293 180) (size 0.8 1) (drill 0.4) (layers *.Cu *.Mask)
      (net 8 RXD))
    (pad 22 thru_hole rect (at 2.092 -2.517 180) (size 0.8 1) (drill 0.4) (layers *.Cu *.Mask)
      (net 50 /P0.07))
    (pad 24 thru_hole rect (at 2.092 -3.787 180) (size 0.8 1) (drill 0.4) (layers *.Cu *.Mask)
      (net 1 GND))
    (pad 18 thru_hole rect (at 2.092 0.023 180) (size 0.8 1) (drill 0.4) (layers *.Cu *.Mask)
      (net 11 /P0.04))
  )

  (module Resistor_SMD:R_0805_2012Metric (layer B.Cu) (tedit 5B36C52B) (tstamp 5C716131)
    (at 108.882 118.957 270)
    (descr "Resistor SMD 0805 (2012 Metric), square (rectangular) end terminal, IPC_7351 nominal, (Body size source: https://docs.google.com/spreadsheets/d/1BsfQQcO9C6DZCsRaXUlFlo91Tg2WpOkGARC1WS5S8t0/edit?usp=sharing), generated with kicad-footprint-generator")
    (tags resistor)
    (path /5C7015F9)
    (attr smd)
    (fp_text reference R3 (at 0 1.65 270) (layer B.SilkS)
      (effects (font (size 1 1) (thickness 0.15)) (justify mirror))
    )
    (fp_text value 1K (at 0 -1.65 270) (layer B.Fab)
      (effects (font (size 1 1) (thickness 0.15)) (justify mirror))
    )
    (fp_line (start -1 -0.6) (end -1 0.6) (layer B.Fab) (width 0.1))
    (fp_line (start -1 0.6) (end 1 0.6) (layer B.Fab) (width 0.1))
    (fp_line (start 1 0.6) (end 1 -0.6) (layer B.Fab) (width 0.1))
    (fp_line (start 1 -0.6) (end -1 -0.6) (layer B.Fab) (width 0.1))
    (fp_line (start -0.258578 0.71) (end 0.258578 0.71) (layer B.SilkS) (width 0.12))
    (fp_line (start -0.258578 -0.71) (end 0.258578 -0.71) (layer B.SilkS) (width 0.12))
    (fp_line (start -1.68 -0.95) (end -1.68 0.95) (layer B.CrtYd) (width 0.05))
    (fp_line (start -1.68 0.95) (end 1.68 0.95) (layer B.CrtYd) (width 0.05))
    (fp_line (start 1.68 0.95) (end 1.68 -0.95) (layer B.CrtYd) (width 0.05))
    (fp_line (start 1.68 -0.95) (end -1.68 -0.95) (layer B.CrtYd) (width 0.05))
    (fp_text user %R (at 0 0 270) (layer B.Fab)
      (effects (font (size 0.5 0.5) (thickness 0.08)) (justify mirror))
    )
    (pad 1 smd roundrect (at -0.9375 0 270) (size 0.975 1.4) (layers B.Cu B.Paste B.Mask) (roundrect_rratio 0.25)
      (net 33 "Net-(D3-Pad1)"))
    (pad 2 smd roundrect (at 0.9375 0 270) (size 0.975 1.4) (layers B.Cu B.Paste B.Mask) (roundrect_rratio 0.25)
      (net 32 "Net-(R3-Pad2)"))
    (model ${KISYS3DMOD}/Resistor_SMD.3dshapes/R_0805_2012Metric.wrl
      (at (xyz 0 0 0))
      (scale (xyz 1 1 1))
      (rotate (xyz 0 0 0))
    )
  )

  (module nrfmicro:connector_swd (layer F.Cu) (tedit 5C706F84) (tstamp 5C6EF39A)
    (at 103.802 140.547)
    (path /5AC0089B)
    (fp_text reference J2 (at 0 -1.778) (layer F.Fab)
      (effects (font (size 1 1) (thickness 0.15)))
    )
    (fp_text value "Serial Connector" (at 0 -3.937) (layer F.Fab)
      (effects (font (size 1 1) (thickness 0.15)))
    )
    (fp_text user DFU (at 5.08 -1.27) (layer F.SilkS)
      (effects (font (size 0.75 0.75) (thickness 0.125)))
    )
    (fp_text user VCC (at 2.54 -1.27) (layer F.SilkS)
      (effects (font (size 0.75 0.75) (thickness 0.125)))
    )
    (fp_text user SWC (at -2.54 -1.27 180) (layer F.SilkS)
      (effects (font (size 0.75 0.75) (thickness 0.125)))
    )
    (fp_text user SWD (at -5.08 -1.27 180) (layer F.SilkS)
      (effects (font (size 0.75 0.75) (thickness 0.125)))
    )
    (pad 1 thru_hole circle (at -5.08 0) (size 1.27 1.27) (drill 0.81) (layers *.Cu *.Mask)
      (net 4 SWDIO))
    (pad 2 thru_hole circle (at -2.54 0) (size 1.27 1.27) (drill 0.81) (layers *.Cu *.Mask)
      (net 6 SWDCLK))
    (pad 3 thru_hole circle (at 2.54 -0.05) (size 1.27 1.27) (drill 0.81) (layers *.Cu *.Mask)
      (net 3 VCC))
    (pad 4 thru_hole circle (at 5.08 -0.05) (size 1.27 1.27) (drill 0.81) (layers *.Cu *.Mask)
      (net 21 SWO))
  )

  (module Inductor_SMD:L_0805_2012Metric (layer F.Cu) (tedit 5B36C52B) (tstamp 5C7017C9)
    (at 108.627533 119.464775 270)
    (descr "Inductor SMD 0805 (2012 Metric), square (rectangular) end terminal, IPC_7351 nominal, (Body size source: https://docs.google.com/spreadsheets/d/1BsfQQcO9C6DZCsRaXUlFlo91Tg2WpOkGARC1WS5S8t0/edit?usp=sharing), generated with kicad-footprint-generator")
    (tags inductor)
    (path /5C809AAB)
    (attr smd)
    (fp_text reference L1 (at 2.413 0) (layer F.SilkS)
      (effects (font (size 1 1) (thickness 0.15)))
    )
    (fp_text value DNP (at 0 1.65 270) (layer F.Fab)
      (effects (font (size 1 1) (thickness 0.15)))
    )
    (fp_line (start -1 0.6) (end -1 -0.6) (layer F.Fab) (width 0.1))
    (fp_line (start -1 -0.6) (end 1 -0.6) (layer F.Fab) (width 0.1))
    (fp_line (start 1 -0.6) (end 1 0.6) (layer F.Fab) (width 0.1))
    (fp_line (start 1 0.6) (end -1 0.6) (layer F.Fab) (width 0.1))
    (fp_line (start -0.258578 -0.71) (end 0.258578 -0.71) (layer F.SilkS) (width 0.12))
    (fp_line (start -0.258578 0.71) (end 0.258578 0.71) (layer F.SilkS) (width 0.12))
    (fp_line (start -1.68 0.95) (end -1.68 -0.95) (layer F.CrtYd) (width 0.05))
    (fp_line (start -1.68 -0.95) (end 1.68 -0.95) (layer F.CrtYd) (width 0.05))
    (fp_line (start 1.68 -0.95) (end 1.68 0.95) (layer F.CrtYd) (width 0.05))
    (fp_line (start 1.68 0.95) (end -1.68 0.95) (layer F.CrtYd) (width 0.05))
    (fp_text user %R (at 0 0 270) (layer F.Fab)
      (effects (font (size 0.5 0.5) (thickness 0.08)))
    )
    (pad 1 smd roundrect (at -0.9375 0 270) (size 0.975 1.4) (layers F.Cu F.Paste F.Mask) (roundrect_rratio 0.25)
      (net 38 "Net-(L1-Pad1)"))
    (pad 2 smd roundrect (at 0.9375 0 270) (size 0.975 1.4) (layers F.Cu F.Paste F.Mask) (roundrect_rratio 0.25)
      (net 3 VCC))
    (model ${KISYS3DMOD}/Inductor_SMD.3dshapes/L_0805_2012Metric.wrl
      (at (xyz 0 0 0))
      (scale (xyz 1 1 1))
      (rotate (xyz 0 0 0))
    )
  )

  (module Resistor_SMD:R_0805_2012Metric (layer F.Cu) (tedit 5B36C52B) (tstamp 5C6FF71E)
    (at 102.023533 126.831 90)
    (descr "Resistor SMD 0805 (2012 Metric), square (rectangular) end terminal, IPC_7351 nominal, (Body size source: https://docs.google.com/spreadsheets/d/1BsfQQcO9C6DZCsRaXUlFlo91Tg2WpOkGARC1WS5S8t0/edit?usp=sharing), generated with kicad-footprint-generator")
    (tags resistor)
    (path /5C701629)
    (attr smd)
    (fp_text reference R4 (at 0 3.556 90) (layer F.SilkS)
      (effects (font (size 1 1) (thickness 0.15)))
    )
    (fp_text value 4.7K (at 0 1.65 90) (layer F.Fab)
      (effects (font (size 1 1) (thickness 0.15)))
    )
    (fp_line (start -1 0.6) (end -1 -0.6) (layer F.Fab) (width 0.1))
    (fp_line (start -1 -0.6) (end 1 -0.6) (layer F.Fab) (width 0.1))
    (fp_line (start 1 -0.6) (end 1 0.6) (layer F.Fab) (width 0.1))
    (fp_line (start 1 0.6) (end -1 0.6) (layer F.Fab) (width 0.1))
    (fp_line (start -0.258578 -0.71) (end 0.258578 -0.71) (layer F.SilkS) (width 0.12))
    (fp_line (start -0.258578 0.71) (end 0.258578 0.71) (layer F.SilkS) (width 0.12))
    (fp_line (start -1.68 0.95) (end -1.68 -0.95) (layer F.CrtYd) (width 0.05))
    (fp_line (start -1.68 -0.95) (end 1.68 -0.95) (layer F.CrtYd) (width 0.05))
    (fp_line (start 1.68 -0.95) (end 1.68 0.95) (layer F.CrtYd) (width 0.05))
    (fp_line (start 1.68 0.95) (end -1.68 0.95) (layer F.CrtYd) (width 0.05))
    (fp_text user %R (at 0 0 90) (layer F.Fab)
      (effects (font (size 0.5 0.5) (thickness 0.08)))
    )
    (pad 1 smd roundrect (at -0.9375 0 90) (size 0.975 1.4) (layers F.Cu F.Paste F.Mask) (roundrect_rratio 0.25)
      (net 31 "Net-(R4-Pad1)"))
    (pad 2 smd roundrect (at 0.9375 0 90) (size 0.975 1.4) (layers F.Cu F.Paste F.Mask) (roundrect_rratio 0.25)
      (net 1 GND))
    (model ${KISYS3DMOD}/Resistor_SMD.3dshapes/R_0805_2012Metric.wrl
      (at (xyz 0 0 0))
      (scale (xyz 1 1 1))
      (rotate (xyz 0 0 0))
    )
  )

  (module Resistor_SMD:R_0805_2012Metric (layer F.Cu) (tedit 5B36C52B) (tstamp 5C6FF6FE)
    (at 101.896533 130.513775 270)
    (descr "Resistor SMD 0805 (2012 Metric), square (rectangular) end terminal, IPC_7351 nominal, (Body size source: https://docs.google.com/spreadsheets/d/1BsfQQcO9C6DZCsRaXUlFlo91Tg2WpOkGARC1WS5S8t0/edit?usp=sharing), generated with kicad-footprint-generator")
    (tags resistor)
    (path /5B159927)
    (attr smd)
    (fp_text reference R2 (at -0.127 0 270) (layer F.SilkS)
      (effects (font (size 1 1) (thickness 0.15)))
    )
    (fp_text value 100K (at 0 1.65 270) (layer F.Fab)
      (effects (font (size 1 1) (thickness 0.15)))
    )
    (fp_line (start -1 0.6) (end -1 -0.6) (layer F.Fab) (width 0.1))
    (fp_line (start -1 -0.6) (end 1 -0.6) (layer F.Fab) (width 0.1))
    (fp_line (start 1 -0.6) (end 1 0.6) (layer F.Fab) (width 0.1))
    (fp_line (start 1 0.6) (end -1 0.6) (layer F.Fab) (width 0.1))
    (fp_line (start -0.258578 -0.71) (end 0.258578 -0.71) (layer F.SilkS) (width 0.12))
    (fp_line (start -0.258578 0.71) (end 0.258578 0.71) (layer F.SilkS) (width 0.12))
    (fp_line (start -1.68 0.95) (end -1.68 -0.95) (layer F.CrtYd) (width 0.05))
    (fp_line (start -1.68 -0.95) (end 1.68 -0.95) (layer F.CrtYd) (width 0.05))
    (fp_line (start 1.68 -0.95) (end 1.68 0.95) (layer F.CrtYd) (width 0.05))
    (fp_line (start 1.68 0.95) (end -1.68 0.95) (layer F.CrtYd) (width 0.05))
    (fp_text user %R (at 0 0 270) (layer F.Fab)
      (effects (font (size 0.5 0.5) (thickness 0.08)))
    )
    (pad 1 smd roundrect (at -0.9375 0 270) (size 0.975 1.4) (layers F.Cu F.Paste F.Mask) (roundrect_rratio 0.25)
      (net 36 VBUS))
    (pad 2 smd roundrect (at 0.9375 0 270) (size 0.975 1.4) (layers F.Cu F.Paste F.Mask) (roundrect_rratio 0.25)
      (net 1 GND))
    (model ${KISYS3DMOD}/Resistor_SMD.3dshapes/R_0805_2012Metric.wrl
      (at (xyz 0 0 0))
      (scale (xyz 1 1 1))
      (rotate (xyz 0 0 0))
    )
  )

  (module Capacitor_SMD:C_0805_2012Metric (layer F.Cu) (tedit 5B36C52B) (tstamp 5C6FEBCA)
    (at 99.6105 126.831 90)
    (descr "Capacitor SMD 0805 (2012 Metric), square (rectangular) end terminal, IPC_7351 nominal, (Body size source: https://docs.google.com/spreadsheets/d/1BsfQQcO9C6DZCsRaXUlFlo91Tg2WpOkGARC1WS5S8t0/edit?usp=sharing), generated with kicad-footprint-generator")
    (tags capacitor)
    (path /5C7379E0)
    (attr smd)
    (fp_text reference C1 (at 0 -1.65 90) (layer F.SilkS)
      (effects (font (size 1 1) (thickness 0.15)))
    )
    (fp_text value 22pF (at 0 1.65 90) (layer F.Fab)
      (effects (font (size 1 1) (thickness 0.15)))
    )
    (fp_line (start -1 0.6) (end -1 -0.6) (layer F.Fab) (width 0.1))
    (fp_line (start -1 -0.6) (end 1 -0.6) (layer F.Fab) (width 0.1))
    (fp_line (start 1 -0.6) (end 1 0.6) (layer F.Fab) (width 0.1))
    (fp_line (start 1 0.6) (end -1 0.6) (layer F.Fab) (width 0.1))
    (fp_line (start -0.258578 -0.71) (end 0.258578 -0.71) (layer F.SilkS) (width 0.12))
    (fp_line (start -0.258578 0.71) (end 0.258578 0.71) (layer F.SilkS) (width 0.12))
    (fp_line (start -1.68 0.95) (end -1.68 -0.95) (layer F.CrtYd) (width 0.05))
    (fp_line (start -1.68 -0.95) (end 1.68 -0.95) (layer F.CrtYd) (width 0.05))
    (fp_line (start 1.68 -0.95) (end 1.68 0.95) (layer F.CrtYd) (width 0.05))
    (fp_line (start 1.68 0.95) (end -1.68 0.95) (layer F.CrtYd) (width 0.05))
    (fp_text user %R (at 0 0 90) (layer F.Fab)
      (effects (font (size 0.5 0.5) (thickness 0.08)))
    )
    (pad 1 smd roundrect (at -0.9375 0 90) (size 0.975 1.4) (layers F.Cu F.Paste F.Mask) (roundrect_rratio 0.25)
      (net 2 "Net-(C1-Pad1)"))
    (pad 2 smd roundrect (at 0.9375 0 90) (size 0.975 1.4) (layers F.Cu F.Paste F.Mask) (roundrect_rratio 0.25)
      (net 1 GND))
    (model ${KISYS3DMOD}/Capacitor_SMD.3dshapes/C_0805_2012Metric.wrl
      (at (xyz 0 0 0))
      (scale (xyz 1 1 1))
      (rotate (xyz 0 0 0))
    )
  )

  (module Capacitor_SMD:C_0805_2012Metric (layer F.Cu) (tedit 5B36C52B) (tstamp 5C6FEBBA)
    (at 99.6105 130.514 90)
    (descr "Capacitor SMD 0805 (2012 Metric), square (rectangular) end terminal, IPC_7351 nominal, (Body size source: https://docs.google.com/spreadsheets/d/1BsfQQcO9C6DZCsRaXUlFlo91Tg2WpOkGARC1WS5S8t0/edit?usp=sharing), generated with kicad-footprint-generator")
    (tags capacitor)
    (path /5C73DD8F)
    (attr smd)
    (fp_text reference C2 (at 0 -1.65 90) (layer F.SilkS)
      (effects (font (size 1 1) (thickness 0.15)))
    )
    (fp_text value 22pF (at 0 1.65 90) (layer F.Fab)
      (effects (font (size 1 1) (thickness 0.15)))
    )
    (fp_text user %R (at 0 0 90) (layer F.Fab)
      (effects (font (size 0.5 0.5) (thickness 0.08)))
    )
    (fp_line (start 1.68 0.95) (end -1.68 0.95) (layer F.CrtYd) (width 0.05))
    (fp_line (start 1.68 -0.95) (end 1.68 0.95) (layer F.CrtYd) (width 0.05))
    (fp_line (start -1.68 -0.95) (end 1.68 -0.95) (layer F.CrtYd) (width 0.05))
    (fp_line (start -1.68 0.95) (end -1.68 -0.95) (layer F.CrtYd) (width 0.05))
    (fp_line (start -0.258578 0.71) (end 0.258578 0.71) (layer F.SilkS) (width 0.12))
    (fp_line (start -0.258578 -0.71) (end 0.258578 -0.71) (layer F.SilkS) (width 0.12))
    (fp_line (start 1 0.6) (end -1 0.6) (layer F.Fab) (width 0.1))
    (fp_line (start 1 -0.6) (end 1 0.6) (layer F.Fab) (width 0.1))
    (fp_line (start -1 -0.6) (end 1 -0.6) (layer F.Fab) (width 0.1))
    (fp_line (start -1 0.6) (end -1 -0.6) (layer F.Fab) (width 0.1))
    (pad 2 smd roundrect (at 0.9375 0 90) (size 0.975 1.4) (layers F.Cu F.Paste F.Mask) (roundrect_rratio 0.25)
      (net 37 "Net-(C2-Pad2)"))
    (pad 1 smd roundrect (at -0.9375 0 90) (size 0.975 1.4) (layers F.Cu F.Paste F.Mask) (roundrect_rratio 0.25)
      (net 1 GND))
    (model ${KISYS3DMOD}/Capacitor_SMD.3dshapes/C_0805_2012Metric.wrl
      (at (xyz 0 0 0))
      (scale (xyz 1 1 1))
      (rotate (xyz 0 0 0))
    )
  )

  (module Capacitor_SMD:C_0805_2012Metric (layer F.Cu) (tedit 5B36C52B) (tstamp 5C6FEBAA)
    (at 101.896533 137.88 90)
    (descr "Capacitor SMD 0805 (2012 Metric), square (rectangular) end terminal, IPC_7351 nominal, (Body size source: https://docs.google.com/spreadsheets/d/1BsfQQcO9C6DZCsRaXUlFlo91Tg2WpOkGARC1WS5S8t0/edit?usp=sharing), generated with kicad-footprint-generator")
    (tags capacitor)
    (path /5B158BD8)
    (attr smd)
    (fp_text reference C5 (at 0.508 3.556 90) (layer F.SilkS)
      (effects (font (size 1 1) (thickness 0.15)))
    )
    (fp_text value 10uF (at 0 1.65 90) (layer F.Fab)
      (effects (font (size 1 1) (thickness 0.15)))
    )
    (fp_line (start -1 0.6) (end -1 -0.6) (layer F.Fab) (width 0.1))
    (fp_line (start -1 -0.6) (end 1 -0.6) (layer F.Fab) (width 0.1))
    (fp_line (start 1 -0.6) (end 1 0.6) (layer F.Fab) (width 0.1))
    (fp_line (start 1 0.6) (end -1 0.6) (layer F.Fab) (width 0.1))
    (fp_line (start -0.258578 -0.71) (end 0.258578 -0.71) (layer F.SilkS) (width 0.12))
    (fp_line (start -0.258578 0.71) (end 0.258578 0.71) (layer F.SilkS) (width 0.12))
    (fp_line (start -1.68 0.95) (end -1.68 -0.95) (layer F.CrtYd) (width 0.05))
    (fp_line (start -1.68 -0.95) (end 1.68 -0.95) (layer F.CrtYd) (width 0.05))
    (fp_line (start 1.68 -0.95) (end 1.68 0.95) (layer F.CrtYd) (width 0.05))
    (fp_line (start 1.68 0.95) (end -1.68 0.95) (layer F.CrtYd) (width 0.05))
    (fp_text user %R (at 0 0 90) (layer F.Fab)
      (effects (font (size 0.5 0.5) (thickness 0.08)))
    )
    (pad 1 smd roundrect (at -0.9375 0 90) (size 0.975 1.4) (layers F.Cu F.Paste F.Mask) (roundrect_rratio 0.25)
      (net 19 "Net-(C5-Pad1)"))
    (pad 2 smd roundrect (at 0.9375 0 90) (size 0.975 1.4) (layers F.Cu F.Paste F.Mask) (roundrect_rratio 0.25)
      (net 1 GND))
    (model ${KISYS3DMOD}/Capacitor_SMD.3dshapes/C_0805_2012Metric.wrl
      (at (xyz 0 0 0))
      (scale (xyz 1 1 1))
      (rotate (xyz 0 0 0))
    )
  )

  (module Capacitor_SMD:C_0805_2012Metric (layer F.Cu) (tedit 5B36C52B) (tstamp 5C6FEB9A)
    (at 101.896533 134.197 90)
    (descr "Capacitor SMD 0805 (2012 Metric), square (rectangular) end terminal, IPC_7351 nominal, (Body size source: https://docs.google.com/spreadsheets/d/1BsfQQcO9C6DZCsRaXUlFlo91Tg2WpOkGARC1WS5S8t0/edit?usp=sharing), generated with kicad-footprint-generator")
    (tags capacitor)
    (path /5CC9355F)
    (attr smd)
    (fp_text reference C6 (at 0 3.556 90) (layer F.SilkS)
      (effects (font (size 1 1) (thickness 0.15)))
    )
    (fp_text value 10uF (at 0 1.65 90) (layer F.Fab)
      (effects (font (size 1 1) (thickness 0.15)))
    )
    (fp_text user %R (at 0 0 90) (layer F.Fab)
      (effects (font (size 0.5 0.5) (thickness 0.08)))
    )
    (fp_line (start 1.68 0.95) (end -1.68 0.95) (layer F.CrtYd) (width 0.05))
    (fp_line (start 1.68 -0.95) (end 1.68 0.95) (layer F.CrtYd) (width 0.05))
    (fp_line (start -1.68 -0.95) (end 1.68 -0.95) (layer F.CrtYd) (width 0.05))
    (fp_line (start -1.68 0.95) (end -1.68 -0.95) (layer F.CrtYd) (width 0.05))
    (fp_line (start -0.258578 0.71) (end 0.258578 0.71) (layer F.SilkS) (width 0.12))
    (fp_line (start -0.258578 -0.71) (end 0.258578 -0.71) (layer F.SilkS) (width 0.12))
    (fp_line (start 1 0.6) (end -1 0.6) (layer F.Fab) (width 0.1))
    (fp_line (start 1 -0.6) (end 1 0.6) (layer F.Fab) (width 0.1))
    (fp_line (start -1 -0.6) (end 1 -0.6) (layer F.Fab) (width 0.1))
    (fp_line (start -1 0.6) (end -1 -0.6) (layer F.Fab) (width 0.1))
    (pad 2 smd roundrect (at 0.9375 0 90) (size 0.975 1.4) (layers F.Cu F.Paste F.Mask) (roundrect_rratio 0.25)
      (net 1 GND))
    (pad 1 smd roundrect (at -0.9375 0 90) (size 0.975 1.4) (layers F.Cu F.Paste F.Mask) (roundrect_rratio 0.25)
      (net 3 VCC))
    (model ${KISYS3DMOD}/Capacitor_SMD.3dshapes/C_0805_2012Metric.wrl
      (at (xyz 0 0 0))
      (scale (xyz 1 1 1))
      (rotate (xyz 0 0 0))
    )
  )

  (module Capacitor_SMD:C_0805_2012Metric (layer F.Cu) (tedit 5B36C52B) (tstamp 5C6FEB8A)
    (at 99.6105 134.197 90)
    (descr "Capacitor SMD 0805 (2012 Metric), square (rectangular) end terminal, IPC_7351 nominal, (Body size source: https://docs.google.com/spreadsheets/d/1BsfQQcO9C6DZCsRaXUlFlo91Tg2WpOkGARC1WS5S8t0/edit?usp=sharing), generated with kicad-footprint-generator")
    (tags capacitor)
    (path /5C70161B)
    (attr smd)
    (fp_text reference C9 (at 0 -1.65 90) (layer F.SilkS)
      (effects (font (size 1 1) (thickness 0.15)))
    )
    (fp_text value 10uF (at 0 1.65 90) (layer F.Fab)
      (effects (font (size 1 1) (thickness 0.15)))
    )
    (fp_line (start -1 0.6) (end -1 -0.6) (layer F.Fab) (width 0.1))
    (fp_line (start -1 -0.6) (end 1 -0.6) (layer F.Fab) (width 0.1))
    (fp_line (start 1 -0.6) (end 1 0.6) (layer F.Fab) (width 0.1))
    (fp_line (start 1 0.6) (end -1 0.6) (layer F.Fab) (width 0.1))
    (fp_line (start -0.258578 -0.71) (end 0.258578 -0.71) (layer F.SilkS) (width 0.12))
    (fp_line (start -0.258578 0.71) (end 0.258578 0.71) (layer F.SilkS) (width 0.12))
    (fp_line (start -1.68 0.95) (end -1.68 -0.95) (layer F.CrtYd) (width 0.05))
    (fp_line (start -1.68 -0.95) (end 1.68 -0.95) (layer F.CrtYd) (width 0.05))
    (fp_line (start 1.68 -0.95) (end 1.68 0.95) (layer F.CrtYd) (width 0.05))
    (fp_line (start 1.68 0.95) (end -1.68 0.95) (layer F.CrtYd) (width 0.05))
    (fp_text user %R (at 0 0 90) (layer F.Fab)
      (effects (font (size 0.5 0.5) (thickness 0.08)))
    )
    (pad 1 smd roundrect (at -0.9375 0 90) (size 0.975 1.4) (layers F.Cu F.Paste F.Mask) (roundrect_rratio 0.25)
      (net 39 VBAT))
    (pad 2 smd roundrect (at 0.9375 0 90) (size 0.975 1.4) (layers F.Cu F.Paste F.Mask) (roundrect_rratio 0.25)
      (net 1 GND))
    (model ${KISYS3DMOD}/Capacitor_SMD.3dshapes/C_0805_2012Metric.wrl
      (at (xyz 0 0 0))
      (scale (xyz 1 1 1))
      (rotate (xyz 0 0 0))
    )
  )

  (module Resistor_SMD:R_0805_2012Metric (layer F.Cu) (tedit 5B36C52B) (tstamp 5C6FEA46)
    (at 99.6105 137.88 270)
    (descr "Resistor SMD 0805 (2012 Metric), square (rectangular) end terminal, IPC_7351 nominal, (Body size source: https://docs.google.com/spreadsheets/d/1BsfQQcO9C6DZCsRaXUlFlo91Tg2WpOkGARC1WS5S8t0/edit?usp=sharing), generated with kicad-footprint-generator")
    (tags resistor)
    (path /5CC730D9)
    (attr smd)
    (fp_text reference R5 (at 0 1.651 270) (layer F.SilkS)
      (effects (font (size 1 1) (thickness 0.15)))
    )
    (fp_text value 100K (at 0 1.65 270) (layer F.Fab)
